500 955
0 1 20000 4
0 20 30000 1
1 2 20000 5
1 21 20000 3
2 3 30000 5
2 22 20000 1
3 4 20000 5
3 23 10000 3
4 5 10000 2
4 24 10000 4
5 6 40000 1
5 25 40000 1
6 7 20000 1
6 26 10000 1
7 8 20000 4
7 27 40000 2
8 9 40000 1
8 28 10000 2
9 10 40000 4
9 29 30000 4
10 11 40000 1
10 30 20000 1
11 12 10000 3
11 31 30000 3
12 13 10000 1
12 32 10000 5
13 14 20000 2
13 33 30000 5
14 15 20000 2
14 34 30000 4
15 16 20000 4
15 35 20000 2
16 17 30000 2
16 36 40000 3
17 18 20000 2
17 37 10000 4
18 19 10000 3
18 38 40000 4
19 39 10000 2
20 21 20000 4
20 40 20000 2
21 22 10000 1
21 41 40000 5
22 23 20000 5
22 42 10000 5
23 24 10000 1
23 43 30000 4
24 25 20000 3
24 44 10000 3
25 26 30000 1
25 45 30000 5
26 27 30000 2
26 46 10000 1
27 28 30000 5
27 47 10000 5
28 29 20000 2
28 48 10000 3
29 30 30000 5
29 49 10000 2
30 31 40000 5
30 50 30000 3
31 32 30000 1
31 51 10000 1
32 33 20000 2
32 52 10000 4
33 34 30000 5
33 53 30000 3
34 35 20000 2
34 54 20000 2
35 36 40000 2
35 55 40000 4
36 37 20000 4
36 56 20000 5
37 38 10000 5
37 57 40000 3
38 39 40000 5
38 58 40000 5
39 59 20000 2
40 41 10000 5
40 60 30000 5
41 42 40000 2
41 61 30000 3
42 43 30000 2
42 62 40000 3
43 44 20000 4
43 63 20000 1
44 45 40000 3
44 64 30000 3
45 46 30000 4
45 65 30000 2
46 47 40000 3
46 66 20000 1
47 48 20000 1
47 67 30000 1
48 49 30000 4
48 68 10000 3
49 50 20000 5
49 69 10000 4
50 51 30000 2
50 70 10000 2
51 52 10000 5
51 71 30000 3
52 53 30000 4
52 72 30000 5
53 54 10000 3
53 73 40000 4
54 55 10000 3
54 74 40000 1
55 56 20000 4
55 75 20000 2
56 57 20000 3
56 76 10000 2
57 58 30000 5
57 77 20000 2
58 59 20000 1
58 78 40000 2
59 79 10000 1
60 61 40000 1
60 80 30000 3
61 62 40000 3
61 81 20000 3
62 63 40000 2
62 82 40000 5
63 64 10000 3
63 83 30000 3
64 65 30000 2
64 84 30000 1
65 66 20000 3
65 85 20000 1
66 67 10000 2
66 86 40000 1
67 68 40000 5
67 87 10000 2
68 69 20000 2
68 88 20000 2
69 70 20000 4
69 89 20000 4
70 71 30000 3
70 90 40000 5
71 72 30000 2
71 91 30000 4
72 73 40000 1
72 92 40000 2
73 74 40000 2
73 93 30000 5
74 75 40000 1
74 94 30000 5
75 76 20000 1
75 95 10000 1
76 77 40000 1
76 96 30000 1
77 78 40000 4
77 97 30000 2
78 79 40000 5
78 98 30000 2
79 99 30000 4
80 81 30000 4
80 100 30000 4
81 82 40000 2
81 101 30000 5
82 83 10000 4
82 102 10000 5
83 84 30000 4
83 103 20000 5
84 85 30000 1
84 104 30000 1
85 86 30000 4
85 105 20000 4
86 87 40000 3
86 106 40000 5
87 88 20000 2
87 107 40000 4
88 89 30000 5
88 108 40000 1
89 90 40000 2
89 109 40000 3
90 91 20000 3
90 110 10000 1
91 92 40000 1
91 111 20000 3
92 93 10000 5
92 112 40000 3
93 94 40000 1
93 113 30000 2
94 95 10000 2
94 114 30000 4
95 96 20000 5
95 115 40000 3
96 97 30000 4
96 116 30000 5
97 98 10000 5
97 117 10000 4
98 99 30000 5
98 118 30000 2
99 119 40000 4
100 101 10000 3
100 120 40000 5
101 102 20000 4
101 121 30000 2
102 103 40000 4
102 122 10000 1
103 104 10000 2
103 123 20000 4
104 105 30000 3
104 124 10000 2
105 106 30000 1
105 125 30000 4
106 107 20000 4
106 126 40000 3
107 108 30000 2
107 127 20000 2
108 109 10000 5
108 128 40000 1
109 110 40000 4
109 129 10000 5
110 111 30000 5
110 130 20000 2
111 112 30000 4
111 131 40000 2
112 113 30000 3
112 132 20000 5
113 114 20000 5
113 133 20000 1
114 115 30000 1
114 134 40000 4
115 116 30000 3
115 135 20000 5
116 117 40000 2
116 136 40000 4
117 118 20000 4
117 137 40000 5
118 119 40000 2
118 138 40000 4
119 139 20000 4
120 121 20000 3
120 140 30000 4
121 122 30000 2
121 141 40000 1
122 123 40000 3
122 142 40000 1
123 124 20000 4
123 143 40000 1
124 125 30000 4
124 144 40000 3
125 126 40000 3
125 145 40000 3
126 127 40000 2
126 146 10000 3
127 128 20000 4
127 147 30000 3
128 129 40000 5
128 148 10000 3
129 130 40000 5
129 149 30000 5
130 131 30000 4
130 150 40000 4
131 132 30000 4
131 151 30000 1
132 133 30000 2
132 152 10000 3
133 134 10000 3
133 153 10000 1
134 135 10000 4
134 154 10000 3
135 136 20000 1
135 155 40000 2
136 137 40000 4
136 156 10000 1
137 138 10000 2
137 157 30000 4
138 139 40000 5
138 158 40000 3
139 159 40000 4
140 141 40000 2
140 160 20000 1
141 142 10000 2
141 161 30000 5
142 143 20000 5
142 162 40000 2
143 144 20000 1
143 163 30000 5
144 145 20000 5
144 164 10000 4
145 146 30000 4
145 165 40000 4
146 147 30000 2
146 166 10000 4
147 148 30000 2
147 167 40000 1
148 149 40000 1
148 168 40000 5
149 150 30000 4
149 169 10000 3
150 151 10000 4
150 170 10000 4
151 152 20000 5
151 171 40000 4
152 153 20000 3
152 172 20000 1
153 154 40000 4
153 173 10000 3
154 155 10000 4
154 174 30000 3
155 156 40000 4
155 175 20000 1
156 157 20000 2
156 176 30000 4
157 158 40000 2
157 177 30000 4
158 159 10000 5
158 178 30000 1
159 179 40000 3
160 161 40000 4
160 180 20000 3
161 162 30000 4
161 181 40000 4
162 163 20000 2
162 182 10000 1
163 164 10000 5
163 183 30000 1
164 165 40000 4
164 184 20000 5
165 166 10000 2
165 185 40000 4
166 167 30000 2
166 186 30000 4
167 168 30000 3
167 187 40000 5
168 169 10000 5
168 188 20000 4
169 170 40000 2
169 189 10000 4
170 171 40000 3
170 190 10000 5
171 172 30000 3
171 191 30000 4
172 173 10000 1
172 192 40000 4
173 174 20000 4
173 193 20000 5
174 175 40000 1
174 194 20000 1
175 176 10000 3
175 195 30000 1
176 177 10000 1
176 196 20000 3
177 178 20000 3
177 197 10000 4
178 179 10000 4
178 198 10000 1
179 199 20000 4
180 181 10000 1
180 200 40000 5
181 182 10000 1
181 201 30000 5
182 183 30000 3
182 202 30000 4
183 184 10000 5
183 203 10000 2
184 185 20000 1
184 204 30000 2
185 186 40000 1
185 205 40000 2
186 187 30000 2
186 206 10000 4
187 188 40000 5
187 207 20000 4
188 189 30000 1
188 208 10000 4
189 190 40000 2
189 209 30000 3
190 191 20000 1
190 210 30000 5
191 192 40000 4
191 211 40000 4
192 193 20000 3
192 212 20000 1
193 194 40000 5
193 213 40000 1
194 195 30000 2
194 214 30000 5
195 196 30000 2
195 215 40000 4
196 197 20000 5
196 216 20000 4
197 198 40000 5
197 217 40000 1
198 199 10000 1
198 218 20000 2
199 219 20000 4
200 201 40000 4
200 220 10000 4
201 202 20000 3
201 221 20000 4
202 203 20000 4
202 222 40000 2
203 204 30000 5
203 223 20000 2
204 205 20000 5
204 224 30000 5
205 206 40000 2
205 225 30000 5
206 207 40000 1
206 226 30000 4
207 208 20000 2
207 227 20000 5
208 209 20000 1
208 228 10000 5
209 210 10000 4
209 229 10000 3
210 211 20000 3
210 230 40000 5
211 212 40000 5
211 231 10000 4
212 213 30000 4
212 232 20000 4
213 214 30000 4
213 233 20000 5
214 215 20000 4
214 234 40000 2
215 216 30000 3
215 235 10000 1
216 217 20000 1
216 236 30000 4
217 218 40000 1
217 237 20000 3
218 219 40000 2
218 238 20000 2
219 239 20000 5
220 221 30000 4
220 240 10000 5
221 222 30000 5
221 241 10000 3
222 223 20000 5
222 242 40000 2
223 224 10000 5
223 243 20000 4
224 225 10000 1
224 244 30000 5
225 226 20000 5
225 245 40000 5
226 227 40000 3
226 246 30000 5
227 228 20000 4
227 247 20000 3
228 229 40000 4
228 248 20000 1
229 230 20000 2
229 249 30000 1
230 231 40000 5
230 250 30000 5
231 232 40000 3
231 251 10000 2
232 233 40000 2
232 252 20000 2
233 234 40000 5
233 253 10000 4
234 235 40000 3
234 254 30000 4
235 236 10000 3
235 255 10000 1
236 237 20000 3
236 256 20000 2
237 238 20000 5
237 257 40000 1
238 239 10000 4
238 258 20000 4
239 259 10000 4
240 241 40000 1
240 260 20000 3
241 242 30000 2
241 261 10000 5
242 243 20000 4
242 262 10000 4
243 244 10000 3
243 263 40000 1
244 245 30000 5
244 264 10000 1
245 246 40000 3
245 265 30000 2
246 247 10000 5
246 266 30000 2
247 248 20000 2
247 267 40000 1
248 249 30000 3
248 268 30000 3
249 250 30000 4
249 269 40000 3
250 251 30000 2
250 270 10000 5
251 252 30000 4
251 271 10000 5
252 253 20000 1
252 272 30000 4
253 254 10000 5
253 273 10000 4
254 255 20000 4
254 274 40000 5
255 256 30000 4
255 275 30000 4
256 257 40000 5
256 276 10000 5
257 258 10000 3
257 277 30000 2
258 259 20000 3
258 278 10000 1
259 279 20000 5
260 261 30000 3
260 280 10000 5
261 262 10000 4
261 281 20000 3
262 263 40000 1
262 282 10000 4
263 264 10000 5
263 283 30000 5
264 265 40000 5
264 284 10000 4
265 266 40000 5
265 285 10000 5
266 267 20000 2
266 286 20000 2
267 268 30000 1
267 287 20000 2
268 269 20000 1
268 288 30000 3
269 270 20000 1
269 289 20000 1
270 271 40000 4
270 290 20000 5
271 272 40000 4
271 291 10000 1
272 273 20000 5
272 292 20000 4
273 274 10000 2
273 293 40000 5
274 275 30000 1
274 294 20000 1
275 276 10000 3
275 295 40000 4
276 277 20000 4
276 296 30000 5
277 278 20000 1
277 297 20000 5
278 279 10000 4
278 298 40000 5
279 299 10000 1
280 281 30000 1
280 300 30000 4
281 282 10000 1
281 301 20000 3
282 283 30000 4
282 302 30000 3
283 284 20000 5
283 303 40000 4
284 285 10000 2
284 304 40000 2
285 286 30000 5
285 305 20000 2
286 287 20000 3
286 306 10000 1
287 288 40000 5
287 307 10000 3
288 289 30000 4
288 308 40000 4
289 290 30000 2
289 309 40000 1
290 291 40000 3
290 310 20000 2
291 292 10000 3
291 311 40000 4
292 293 10000 4
292 312 30000 1
293 294 10000 5
293 313 30000 3
294 295 20000 2
294 314 40000 5
295 296 20000 5
295 315 40000 5
296 297 30000 5
296 316 30000 3
297 298 30000 5
297 317 40000 1
298 299 20000 2
298 318 10000 3
299 319 10000 5
300 301 20000 5
300 320 20000 4
301 302 10000 3
301 321 40000 5
302 303 40000 4
302 322 30000 2
303 304 40000 3
303 323 10000 2
304 305 10000 5
304 324 40000 1
305 306 10000 5
305 325 20000 1
306 307 10000 2
306 326 30000 3
307 308 20000 5
307 327 30000 4
308 309 20000 4
308 328 40000 3
309 310 40000 4
309 329 20000 5
310 311 10000 2
310 330 30000 1
311 312 20000 3
311 331 40000 1
312 313 40000 1
312 332 10000 2
313 314 20000 5
313 333 40000 5
314 315 40000 1
314 334 20000 1
315 316 40000 3
315 335 20000 5
316 317 40000 5
316 336 10000 1
317 318 40000 3
317 337 40000 3
318 319 10000 2
318 338 10000 4
319 339 30000 2
320 321 10000 5
320 340 40000 2
321 322 20000 2
321 341 10000 2
322 323 30000 3
322 342 40000 5
323 324 10000 3
323 343 10000 1
324 325 20000 5
324 344 40000 5
325 326 10000 5
325 345 20000 5
326 327 30000 1
326 346 20000 3
327 328 20000 1
327 347 10000 2
328 329 40000 1
328 348 10000 1
329 330 40000 3
329 349 30000 4
330 331 30000 5
330 350 40000 1
331 332 20000 1
331 351 10000 3
332 333 20000 3
332 352 10000 2
333 334 10000 3
333 353 40000 5
334 335 30000 5
334 354 30000 5
335 336 20000 5
335 355 30000 2
336 337 10000 1
336 356 20000 5
337 338 40000 1
337 357 40000 2
338 339 10000 1
338 358 20000 1
339 359 30000 2
340 341 10000 5
340 360 40000 2
341 342 40000 5
341 361 20000 4
342 343 20000 4
342 362 30000 4
343 344 30000 2
343 363 20000 2
344 345 40000 2
344 364 10000 4
345 346 40000 2
345 365 30000 4
346 347 30000 2
346 366 40000 5
347 348 40000 5
347 367 40000 4
348 349 20000 4
348 368 20000 4
349 350 20000 3
349 369 10000 4
350 351 20000 5
350 370 40000 5
351 352 20000 4
351 371 30000 1
352 353 30000 5
352 372 30000 2
353 354 30000 4
353 373 30000 3
354 355 20000 4
354 374 10000 4
355 356 30000 3
355 375 20000 2
356 357 10000 2
356 376 30000 1
357 358 20000 4
357 377 40000 1
358 359 30000 5
358 378 20000 5
359 379 10000 2
360 361 30000 5
360 380 40000 2
361 362 10000 2
361 381 20000 5
362 363 10000 2
362 382 20000 5
363 364 10000 4
363 383 10000 4
364 365 20000 1
364 384 40000 1
365 366 20000 1
365 385 40000 3
366 367 20000 2
366 386 10000 3
367 368 20000 1
367 387 20000 5
368 369 40000 4
368 388 20000 3
369 370 20000 1
369 389 30000 1
370 371 20000 2
370 390 10000 4
371 372 10000 5
371 391 30000 3
372 373 10000 4
372 392 40000 1
373 374 40000 2
373 393 30000 2
374 375 10000 1
374 394 10000 5
375 376 20000 1
375 395 40000 3
376 377 10000 3
376 396 20000 3
377 378 10000 4
377 397 30000 2
378 379 20000 1
378 398 10000 4
379 399 10000 1
380 381 40000 5
380 400 10000 5
381 382 20000 2
381 401 30000 1
382 383 30000 2
382 402 10000 1
383 384 30000 1
383 403 20000 4
384 385 10000 1
384 404 40000 1
385 386 20000 4
385 405 20000 4
386 387 30000 2
386 406 20000 5
387 388 40000 1
387 407 40000 1
388 389 20000 1
388 408 10000 5
389 390 20000 3
389 409 20000 1
390 391 10000 2
390 410 10000 2
391 392 10000 5
391 411 20000 5
392 393 10000 2
392 412 10000 2
393 394 20000 2
393 413 20000 1
394 395 40000 4
394 414 20000 5
395 396 40000 4
395 415 10000 5
396 397 20000 2
396 416 10000 1
397 398 20000 3
397 417 40000 2
398 399 30000 2
398 418 30000 2
399 419 10000 5
400 401 20000 4
400 420 30000 3
401 402 30000 5
401 421 30000 3
402 403 30000 4
402 422 40000 3
403 404 30000 3
403 423 20000 4
404 405 30000 3
404 424 10000 2
405 406 10000 2
405 425 40000 4
406 407 20000 3
406 426 30000 2
407 408 40000 3
407 427 10000 3
408 409 30000 5
408 428 10000 3
409 410 40000 4
409 429 30000 3
410 411 20000 2
410 430 40000 3
411 412 30000 5
411 431 20000 1
412 413 20000 2
412 432 10000 5
413 414 10000 2
413 433 10000 5
414 415 30000 4
414 434 10000 3
415 416 30000 1
415 435 10000 2
416 417 40000 4
416 436 30000 5
417 418 10000 3
417 437 20000 1
418 419 20000 5
418 438 40000 4
419 439 30000 4
420 421 40000 4
420 440 10000 1
421 422 40000 5
421 441 30000 4
422 423 20000 2
422 442 30000 2
423 424 40000 4
423 443 10000 2
424 425 10000 4
424 444 10000 1
425 426 20000 2
425 445 10000 4
426 427 10000 4
426 446 40000 2
427 428 10000 5
427 447 10000 5
428 429 10000 2
428 448 30000 1
429 430 10000 1
429 449 30000 3
430 431 40000 1
430 450 10000 3
431 432 10000 4
431 451 20000 5
432 433 30000 1
432 452 30000 5
433 434 20000 5
433 453 40000 3
434 435 20000 3
434 454 30000 1
435 436 20000 4
435 455 40000 1
436 437 30000 4
436 456 10000 4
437 438 30000 5
437 457 30000 3
438 439 30000 3
438 458 40000 2
439 459 10000 3
440 441 20000 2
440 460 40000 3
441 442 20000 1
441 461 20000 1
442 443 20000 1
442 462 20000 1
443 444 20000 5
443 463 40000 1
444 445 20000 5
444 464 20000 5
445 446 30000 3
445 465 30000 3
446 447 30000 3
446 466 10000 4
447 448 20000 1
447 467 20000 1
448 449 30000 2
448 468 40000 1
449 450 20000 5
449 469 40000 2
450 451 10000 5
450 470 40000 3
451 452 40000 2
451 471 10000 4
452 453 40000 5
452 472 30000 1
453 454 20000 4
453 473 30000 5
454 455 30000 4
454 474 30000 2
455 456 30000 4
455 475 30000 4
456 457 40000 3
456 476 30000 3
457 458 20000 5
457 477 20000 3
458 459 10000 5
458 478 40000 3
459 479 30000 5
460 461 40000 3
460 480 30000 3
461 462 30000 5
461 481 30000 1
462 463 40000 1
462 482 30000 3
463 464 10000 5
463 483 30000 5
464 465 10000 2
464 484 40000 5
465 466 40000 2
465 485 30000 1
466 467 40000 3
466 486 20000 2
467 468 20000 3
467 487 30000 2
468 469 20000 5
468 488 10000 5
469 470 40000 2
469 489 30000 1
470 471 30000 1
470 490 20000 4
471 472 10000 4
471 491 10000 5
472 473 10000 1
472 492 20000 5
473 474 20000 1
473 493 20000 2
474 475 20000 5
474 494 10000 3
475 476 40000 4
475 495 30000 5
476 477 40000 2
476 496 20000 1
477 478 30000 2
477 497 20000 3
478 479 20000 2
478 498 10000 5
479 499 40000 3
480 481 4000 4
481 482 2000 4
482 483 3000 2
483 484 3000 4
484 485 2000 1
485 486 1000 5
486 487 3000 2
487 488 4000 5
488 489 4000 5
489 490 2000 5
490 491 3000 3
491 492 4000 1
492 493 3000 2
493 494 4000 1
494 495 4000 3
495 496 1000 1
496 497 2000 1
497 498 4000 3
498 499 3000 3
